CT DATASET INSPECTION SUMMARY
============================================================

Total volumes: 15229
Quality issues: 15192

            shape_d       shape_h       shape_w  spacing_x  spacing_y  spacing_z  anisotropy_xy  anisotropy_z_to_xy        hu_min        hu_max       hu_mean        hu_std        hu_p01        hu_p05        hu_p25     hu_median        hu_p75        hu_p95        hu_p99
count  15229.000000  15229.000000  15229.000000    15229.0    15229.0    15229.0        15229.0             15229.0  15229.000000  15229.000000  15229.000000  15229.000000  15229.000000  15229.000000  15229.000000  15229.000000  15229.000000  15229.000000  15229.000000
mean     370.477904    370.046162     99.329569        1.0        1.0        1.0            1.0                 1.0  -2459.177425   4414.098953   -541.065737    584.444296  -1664.400080  -1174.571870   -971.741844   -665.930427    -33.338951    124.479747    489.176064
std       40.345515     39.944258     36.432077        0.0        0.0        0.0            0.0                 0.0   2771.675510   5775.275674    130.078255    313.815942   2024.824121   1042.535465     36.174340    293.131270     74.261402     35.533605    143.315217
min      137.000000    152.000000     30.000000        1.0        1.0        1.0            1.0                 1.0  -8192.000000   1146.705811  -2025.791425    335.128589  -8192.000000  -8192.000000  -1036.630737   -999.671631   -967.387390      7.682540    138.249048
25%      350.000000    350.000000     64.000000        1.0        1.0        1.0            1.0                 1.0  -1326.779053   2012.332275   -585.196266    474.331805  -1024.000000  -1023.398499   -989.553528   -886.608582    -48.736373    100.558863    395.986013
50%      367.000000    367.000000    104.000000        1.0        1.0        1.0            1.0                 1.0  -1024.000000   3071.000000   -526.235126    484.602658  -1024.000000  -1015.319519   -979.712524   -812.298676    -23.847692    124.977867    453.289284
75%      394.000000    394.000000    116.000000        1.0        1.0        1.0            1.0                 1.0  -1024.000000   3071.000000   -472.392111    500.978894  -1020.837464  -1008.030151   -964.025513   -455.912415     -1.959214    144.222352    540.254648
max      668.000000    700.000000    816.000000        1.0        1.0        1.0            1.0                 1.0  -1023.664185  57274.390625   -152.971890   3101.268196   -988.424385   -949.127451   -134.802353      4.595245     56.010946    778.369977   1580.297737